+----------------------+------------------------------+------------------------------+------------------------------+--------------------------------+
|                      | Browser                      | Browserins                   | Stratos                      | Crescendo                      |
+======================+=============+================+=============+================+=============+================+===============+================+
| Variable             | :math:`v`   | :math:`\sigma` | :math:`v`   | :math:`\sigma` | :math:`v`   | :math:`\sigma` | :math:`v`     | :math:`\sigma` |
+----------------------+-------------+----------------+-------------+----------------+-------------+----------------+---------------+----------------+
| :math:`a_{B1}`       | 0.098       | 0.003          | -0.018      | 0.003          | 0.249       | 0.003          | 0.248         | 0.003          |
+----------------------+-------------+----------------+-------------+----------------+-------------+----------------+---------------+----------------+
| :math:`a_{B2}`       | 0.169       | 0.003          | -0.355      | 0.003          | -0.267      | 0.003          | 0.075         | 0.003          |
+----------------------+-------------+----------------+-------------+----------------+-------------+----------------+---------------+----------------+
| :math:`a_{B3}`       | -0.294      | 0.003          | -0.242      | 0.003          | -0.071      | 0.003          | -0.289        | 0.003          |
+----------------------+-------------+----------------+-------------+----------------+-------------+----------------+---------------+----------------+
| :math:`a_{H1}`       | 0.474       | 0.003          | 0.474       | 0.003          | 0.329       | 0.003          | 0.496         | 0.003          |
+----------------------+-------------+----------------+-------------+----------------+-------------+----------------+---------------+----------------+
| :math:`a_{H2}`       | 0.383       | 0.003          | 0.383       | 0.003          | -0.038      | 0.003          | 0.466         | 0.003          |
+----------------------+-------------+----------------+-------------+----------------+-------------+----------------+---------------+----------------+
| :math:`a_{H3}`       | 0.215       | 0.003          | 0.215       | 0.003          | 0.400       | 0.003          | 0.301         | 0.003          |
+----------------------+-------------+----------------+-------------+----------------+-------------+----------------+---------------+----------------+
| :math:`\alpha_{B1}`  | 3.4         | 0.2            | 154.1       | 0.2            | 128.9       | 0.2            | 127.6         | 0.2            |
+----------------------+-------------+----------------+-------------+----------------+-------------+----------------+---------------+----------------+
| :math:`\alpha_{B2}`  | 138.7       | 0.2            | 230.8       | 0.2            | 221.6       | 0.2            | 158.0         | 0.2            |
+----------------------+-------------+----------------+-------------+----------------+-------------+----------------+---------------+----------------+
| :math:`\alpha_{B3}`  | 229.8       | 0.2            | 286.9       | 0.2            | 184.5       | 0.2            | 223.9         | 0.2            |
+----------------------+-------------+----------------+-------------+----------------+-------------+----------------+---------------+----------------+
| :math:`\alpha_{H1}`  | 346.7       | 0.2            | 346.7       | 0.2            | 36.0        | 0.2            | 358.4         | 0.2            |
+----------------------+-------------+----------------+-------------+----------------+-------------+----------------+---------------+----------------+
| :math:`\alpha_{H2}`  | 28.1        | 0.2            | 28.1        | 0.2            | 94.0        | 0.2            | 20.6          | 0.2            |
+----------------------+-------------+----------------+-------------+----------------+-------------+----------------+---------------+----------------+
| :math:`\alpha_{H3}`  | 287.0       | 0.2            | 287.0       | 0.2            | 347.3       | 0.2            | 303.8         | 0.2            |
+----------------------+-------------+----------------+-------------+----------------+-------------+----------------+---------------+----------------+
| :math:`d_F`          | 28.06       | 0.01           | 27.98       | 0.01           | 27.77       | 0.01           | 27.98         | 0.01           |
+----------------------+-------------+----------------+-------------+----------------+-------------+----------------+---------------+----------------+
| :math:`d_P`          | 0.0300      | 0.0001         | 0.0300      | 0.0001         | 0.0300      | 0.0001         | 0.0300        | 0.0001         |
+----------------------+-------------+----------------+-------------+----------------+-------------+----------------+---------------+----------------+
| :math:`d_R`          | 27.85       | 0.01           | 27.84       | 0.01           | 29.77       | 0.01           | 27.77         | 0.01           |
+----------------------+-------------+----------------+-------------+----------------+-------------+----------------+---------------+----------------+
| :math:`f`            | 0.070       | 0.001          | 0.070       | 0.001          | 0.045       | 0.001          | 0.045         | 0.001          |
+----------------------+-------------+----------------+-------------+----------------+-------------+----------------+---------------+----------------+
| :math:`g`            | 9.81        | 0.01           | 9.81        | 0.01           | 9.81        | 0.01           | 9.81          | 0.01           |
+----------------------+-------------+----------------+-------------+----------------+-------------+----------------+---------------+----------------+
| :math:`\gamma`       | 67.1        | 0.2            | 67.1        | 0.2            | 73.1        | 0.2            | 69.0          | 0.2            |
+----------------------+-------------+----------------+-------------+----------------+-------------+----------------+---------------+----------------+
| :math:`h_{bb}`       | 0.295       | NA             | 0.295       | NA             | 0.29        | NA             | 0.29          | NA             |
+----------------------+-------------+----------------+-------------+----------------+-------------+----------------+---------------+----------------+
| :math:`\lambda_{st}` | 1.195550538 | NA             | 1.195550538 | NA             | 1.308996939 | NA             | 1.23569311041 | NA             |
+----------------------+-------------+----------------+-------------+----------------+-------------+----------------+---------------+----------------+
| :math:`l_{cs}`       | 0.46        | NA             | 0.46        | NA             | 0.445       | NA             | 0.465         | NA             |
+----------------------+-------------+----------------+-------------+----------------+-------------+----------------+---------------+----------------+
| :math:`l_F`          | 0.293       | 0.001          | 0.293       | 0.001          | 0.297       | 0.001          | 0.301         | 0.001          |
+----------------------+-------------+----------------+-------------+----------------+-------------+----------------+---------------+----------------+
| :math:`l_{hbF}`      | 0.893       | NA             | 0.893       | NA             | 0.6552      | NA             | 0.81          | NA             |
+----------------------+-------------+----------------+-------------+----------------+-------------+----------------+---------------+----------------+
| :math:`l_{hbR}`      | 0.9213      | NA             | 0.9213      | NA             | 1.1014      | NA             | 1.08          | NA             |
+----------------------+-------------+----------------+-------------+----------------+-------------+----------------+---------------+----------------+
| :math:`l_P`          | 1.050       | 0.001          | 1.050       | 0.001          | 1.050       | 0.001          | 1.050         | 0.001          |
+----------------------+-------------+----------------+-------------+----------------+-------------+----------------+---------------+----------------+
| :math:`l_R`          | 0.293       | 0.001          | 0.293       | 0.001          | 0.296       | 0.001          | 0.297         | 0.001          |
+----------------------+-------------+----------------+-------------+----------------+-------------+----------------+---------------+----------------+
| :math:`l_{sp}`       | 0.24        | NA             | 0.24        | NA             | 0.195       | NA             | 0.28          | NA             |
+----------------------+-------------+----------------+-------------+----------------+-------------+----------------+---------------+----------------+
| :math:`l_{st}`       | 0.53        | NA             | 0.53        | NA             | 0.48        | NA             | 0.49          | NA             |
+----------------------+-------------+----------------+-------------+----------------+-------------+----------------+---------------+----------------+
| :math:`m_B`          | 9.86        | 0.02           | 14.71       | 0.02           | 7.22        | 0.02           | 9.18          | 0.02           |
+----------------------+-------------+----------------+-------------+----------------+-------------+----------------+---------------+----------------+
| :math:`m_F`          | 2.02        | 0.02           | 2.02        | 0.02           | 3.33        | 0.02           | 3.54          | 0.02           |
+----------------------+-------------+----------------+-------------+----------------+-------------+----------------+---------------+----------------+
| :math:`m_H`          | 3.22        | 0.02           | 3.22        | 0.02           | 3.04        | 0.02           | 4.57          | 0.02           |
+----------------------+-------------+----------------+-------------+----------------+-------------+----------------+---------------+----------------+
| :math:`m_P`          | 5.56        | 0.02           | 5.56        | 0.02           | 5.56        | 0.02           | 5.56          | 0.02           |
+----------------------+-------------+----------------+-------------+----------------+-------------+----------------+---------------+----------------+
| :math:`m_R`          | 3.11        | 0.02           | 3.11        | 0.02           | 3.96        | 0.02           | 3.96          | 0.02           |
+----------------------+-------------+----------------+-------------+----------------+-------------+----------------+---------------+----------------+
| :math:`n_F`          | 13.0        | NA             | 13.0        | NA             | 13.0        | NA             | 13.0          | NA             |
+----------------------+-------------+----------------+-------------+----------------+-------------+----------------+---------------+----------------+
| :math:`n_R`          | 13.0        | NA             | 13.0        | NA             | 14.0        | NA             | 13.0          | NA             |
+----------------------+-------------+----------------+-------------+----------------+-------------+----------------+---------------+----------------+
| :math:`T^c_{B1}`     | 1.717307    | 0.000005       | 1.811022    | 0.000007       | 1.598802    | 0.000006       | 1.676428      | 0.000003       |
+----------------------+-------------+----------------+-------------+----------------+-------------+----------------+---------------+----------------+
| :math:`T^c_{F1}`     | 1.481127    | 0.000007       | 1.481127    | 0.000007       | 1.353666    | 0.000005       | 1.354974      | 0.000004       |
+----------------------+-------------+----------------+-------------+----------------+-------------+----------------+---------------+----------------+
| :math:`T^c_{H1}`     | 1.601851    | 0.000007       | 1.601851    | 0.000007       | 1.45407     | 0.00002        | 1.628126      | 0.000005       |
+----------------------+-------------+----------------+-------------+----------------+-------------+----------------+---------------+----------------+
| :math:`T^c_{R1}`     | 1.361090    | 0.000004       | 1.361090    | 0.000004       | 1.312177    | 0.000007       | 1.299370      | 0.000008       |
+----------------------+-------------+----------------+-------------+----------------+-------------+----------------+---------------+----------------+
| :math:`T^t_{B1}`     | 2.09957     | 0.00008        | 3.36393     | 0.00004        | 1.81595     | 0.00001        | 2.26011       | 0.00001        |
+----------------------+-------------+----------------+-------------+----------------+-------------+----------------+---------------+----------------+
| :math:`T^t_{B2}`     | 2.37672     | 0.00002        | 2.81391     | 0.00007        | 1.585198    | 0.000009       | 2.09595       | 0.00002        |
+----------------------+-------------+----------------+-------------+----------------+-------------+----------------+---------------+----------------+
| :math:`T^t_{B3}`     | 1.83977     | 0.00001        | 3.57185     | 0.00009        | 1.660199    | 0.000008       | 1.92017       | 0.00001        |
+----------------------+-------------+----------------+-------------+----------------+-------------+----------------+---------------+----------------+
| :math:`T^t_{F1}`     | 0.787577    | 0.000001       | 0.787577    | 0.000001       | 0.801625    | 0.000001       | 0.818258      | 0.000002       |
+----------------------+-------------+----------------+-------------+----------------+-------------+----------------+---------------+----------------+
| :math:`T^t_{H1}`     | 1.368796    | 0.000006       | 1.368796    | 0.000006       | 1.011494    | 0.000004       | 1.6903        | 0.0001         |
+----------------------+-------------+----------------+-------------+----------------+-------------+----------------+---------------+----------------+
| :math:`T^t_{H2}`     | 1.295272    | 0.000006       | 1.295272    | 0.000006       | 0.525351    | 0.000002       | 1.6440        | 0.0001         |
+----------------------+-------------+----------------+-------------+----------------+-------------+----------------+---------------+----------------+
| :math:`T^t_{H3}`     | 0.760951    | 0.000003       | 0.760951    | 0.000003       | 1.086037    | 0.000006       | 1.21590       | 0.00002        |
+----------------------+-------------+----------------+-------------+----------------+-------------+----------------+---------------+----------------+
| :math:`T^t_{P1}`     | 1.893993    | 0.000006       | 1.893993    | 0.000006       | 1.893993    | 0.000006       | 1.893993      | 0.000006       |
+----------------------+-------------+----------------+-------------+----------------+-------------+----------------+---------------+----------------+
| :math:`T^t_{R1}`     | 0.796565    | 0.000001       | 0.796565    | 0.000001       | 0.8116623   | 0.0000009      | 0.823570      | 0.000001       |
+----------------------+-------------+----------------+-------------+----------------+-------------+----------------+---------------+----------------+
| :math:`w`            | 1.121       | 0.002          | 1.121       | 0.002          | 1.037       | 0.002          | 1.101         | 0.002          |
+----------------------+-------------+----------------+-------------+----------------+-------------+----------------+---------------+----------------+
| :math:`w_{hb}`       | 0.58        | NA             | 0.58        | NA             | 0.58        | NA             | 0.56          | NA             |
+----------------------+-------------+----------------+-------------+----------------+-------------+----------------+---------------+----------------+