+----------------------+--------------------------------+----------------------------+----------------------------+
|                      | Crescendo                      | Fisher                     | Pista                      |
+======================+===============+================+===========+================+===========+================+
| Variable             | :math:`v`     | :math:`\sigma` | :math:`v` | :math:`\sigma` | :math:`v` | :math:`\sigma` |
+----------------------+---------------+----------------+-----------+----------------+-----------+----------------+
| :math:`a_{B1}`       | 0.248         | 0.003          | 0.304     | 0.003          | 0.329     | 0.003          |
+----------------------+---------------+----------------+-----------+----------------+-----------+----------------+
| :math:`a_{B2}`       | 0.075         | 0.003          | 0.395     | 0.003          | 0.293     | 0.003          |
+----------------------+---------------+----------------+-----------+----------------+-----------+----------------+
| :math:`a_{B3}`       | -0.289        | 0.003          | -0.107    | 0.003          | -0.267    | 0.003          |
+----------------------+---------------+----------------+-----------+----------------+-----------+----------------+
| :math:`a_{H1}`       | 0.496         | 0.003          | 0.341     | 0.003          | 0.337     | 0.003          |
+----------------------+---------------+----------------+-----------+----------------+-----------+----------------+
| :math:`a_{H2}`       | 0.466         | 0.003          | 0.277     | 0.003          | 0.400     | 0.003          |
+----------------------+---------------+----------------+-----------+----------------+-----------+----------------+
| :math:`a_{H3}`       | 0.301         | 0.003          | -0.008    | 0.003          | -0.063    | 0.003          |
+----------------------+---------------+----------------+-----------+----------------+-----------+----------------+
| :math:`\alpha_{B1}`  | 127.6         | 0.2            | 125.9     | 0.2            | 120.2     | 0.2            |
+----------------------+---------------+----------------+-----------+----------------+-----------+----------------+
| :math:`\alpha_{B2}`  | 158.0         | 0.2            | 75.7      | 0.2            | 40.7      | 0.2            |
+----------------------+---------------+----------------+-----------+----------------+-----------+----------------+
| :math:`\alpha_{B3}`  | 223.9         | 0.2            | 190.8     | 0.2            | 215.9     | 0.2            |
+----------------------+---------------+----------------+-----------+----------------+-----------+----------------+
| :math:`\alpha_{H1}`  | 358.4         | 0.2            | 35.3      | 0.2            | 38.8      | 0.2            |
+----------------------+---------------+----------------+-----------+----------------+-----------+----------------+
| :math:`\alpha_{H2}`  | 20.6          | 0.2            | 50.0      | 0.2            | 12.4      | 0.2            |
+----------------------+---------------+----------------+-----------+----------------+-----------+----------------+
| :math:`\alpha_{H3}`  | 303.8         | 0.2            | 93.8      | 0.2            | 102.2     | 0.2            |
+----------------------+---------------+----------------+-----------+----------------+-----------+----------------+
| :math:`d_F`          | 27.98         | 0.01           | 29.04     | 0.01           | 29.37     | 0.01           |
+----------------------+---------------+----------------+-----------+----------------+-----------+----------------+
| :math:`d_P`          | 0.0300        | 0.0001         | 0.0300    | 0.0001         | 0.0300    | 0.0001         |
+----------------------+---------------+----------------+-----------+----------------+-----------+----------------+
| :math:`d_R`          | 27.77         | 0.01           | 29.79     | 0.01           | 29.21     | 0.01           |
+----------------------+---------------+----------------+-----------+----------------+-----------+----------------+
| :math:`f`            | 0.045         | 0.001          | 0.038     | 0.001          | 0.032     | 0.001          |
+----------------------+---------------+----------------+-----------+----------------+-----------+----------------+
| :math:`g`            | 9.81          | 0.01           | 9.81      | 0.01           | 9.81      | 0.01           |
+----------------------+---------------+----------------+-----------+----------------+-----------+----------------+
| :math:`\gamma`       | 69.0          | 0.2            | 71.1      | 0.2            | 74.2      | 0.2            |
+----------------------+---------------+----------------+-----------+----------------+-----------+----------------+
| :math:`h_{bb}`       | 0.29          | NA             | NA        | NA             | NA        | NA             |
+----------------------+---------------+----------------+-----------+----------------+-----------+----------------+
| :math:`\lambda_{st}` | 1.23569311041 | NA             | NA        | NA             | NA        | NA             |
+----------------------+---------------+----------------+-----------+----------------+-----------+----------------+
| :math:`l_{cs}`       | 0.465         | NA             | NA        | NA             | NA        | NA             |
+----------------------+---------------+----------------+-----------+----------------+-----------+----------------+
| :math:`l_F`          | 0.301         | 0.001          | 0.264     | 0.001          | 0.297     | 0.001          |
+----------------------+---------------+----------------+-----------+----------------+-----------+----------------+
| :math:`l_{hbF}`      | 0.81          | NA             | NA        | NA             | NA        | NA             |
+----------------------+---------------+----------------+-----------+----------------+-----------+----------------+
| :math:`l_{hbR}`      | 1.08          | NA             | NA        | NA             | NA        | NA             |
+----------------------+---------------+----------------+-----------+----------------+-----------+----------------+
| :math:`l_P`          | 1.050         | 0.001          | 1.050     | 0.001          | 1.050     | 0.001          |
+----------------------+---------------+----------------+-----------+----------------+-----------+----------------+
| :math:`l_R`          | 0.297         | 0.001          | 0.265     | 0.001          | 0.297     | 0.001          |
+----------------------+---------------+----------------+-----------+----------------+-----------+----------------+
| :math:`l_{sp}`       | 0.28          | NA             | NA        | NA             | NA        | NA             |
+----------------------+---------------+----------------+-----------+----------------+-----------+----------------+
| :math:`l_{st}`       | 0.49          | NA             | NA        | NA             | NA        | NA             |
+----------------------+---------------+----------------+-----------+----------------+-----------+----------------+
| :math:`m_B`          | 9.18          | 0.02           | 4.48      | 0.02           | 4.49      | 0.02           |
+----------------------+---------------+----------------+-----------+----------------+-----------+----------------+
| :math:`m_F`          | 3.54          | 0.02           | 1.50      | 0.02           | 1.58      | 0.02           |
+----------------------+---------------+----------------+-----------+----------------+-----------+----------------+
| :math:`m_H`          | 4.57          | 0.02           | 2.52      | 0.02           | 2.27      | 0.02           |
+----------------------+---------------+----------------+-----------+----------------+-----------+----------------+
| :math:`m_P`          | 5.56          | 0.02           | 5.56      | 0.02           | 5.56      | 0.02           |
+----------------------+---------------+----------------+-----------+----------------+-----------+----------------+
| :math:`m_R`          | 3.96          | 0.02           | 1.94      | 0.02           | 1.38      | 0.02           |
+----------------------+---------------+----------------+-----------+----------------+-----------+----------------+
| :math:`n_F`          | 13.0          | NA             | 14.0      | NA             | 14.0      | NA             |
+----------------------+---------------+----------------+-----------+----------------+-----------+----------------+
| :math:`n_R`          | 13.0          | NA             | 14.0      | NA             | 14.0      | NA             |
+----------------------+---------------+----------------+-----------+----------------+-----------+----------------+
| :math:`T^c_{B1}`     | 1.676428      | 0.000003       | 1.632572  | 0.000004       | 1.639885  | 0.000006       |
+----------------------+---------------+----------------+-----------+----------------+-----------+----------------+
| :math:`T^c_{F1}`     | 1.354974      | 0.000004       | 1.463519  | 0.000004       | 1.451154  | 0.000005       |
+----------------------+---------------+----------------+-----------+----------------+-----------+----------------+
| :math:`T^c_{H1}`     | 1.628126      | 0.000005       | 1.422021  | 0.000002       | 1.392606  | 0.000002       |
+----------------------+---------------+----------------+-----------+----------------+-----------+----------------+
| :math:`T^c_{R1}`     | 1.299370      | 0.000008       | 1.362063  | 0.000007       | 1.395046  | 0.000004       |
+----------------------+---------------+----------------+-----------+----------------+-----------+----------------+
| :math:`T^t_{B1}`     | 2.26011       | 0.00001        | 1.291694  | 0.000003       | 1.26420   | 0.00001        |
+----------------------+---------------+----------------+-----------+----------------+-----------+----------------+
| :math:`T^t_{B2}`     | 2.09595       | 0.00002        | 1.506534  | 0.000005       | 1.501279  | 0.000007       |
+----------------------+---------------+----------------+-----------+----------------+-----------+----------------+
| :math:`T^t_{B3}`     | 1.92017       | 0.00001        | 1.367939  | 0.000004       | 1.492970  | 0.000005       |
+----------------------+---------------+----------------+-----------+----------------+-----------+----------------+
| :math:`T^t_{F1}`     | 0.818258      | 0.000002       | 0.665696  | 0.000001       | 0.6232453 | 0.0000006      |
+----------------------+---------------+----------------+-----------+----------------+-----------+----------------+
| :math:`T^t_{H1}`     | 1.6903        | 0.0001         | 0.826936  | 0.000002       | 0.776458  | 0.000001       |
+----------------------+---------------+----------------+-----------+----------------+-----------+----------------+
| :math:`T^t_{H2}`     | 1.6440        | 0.0001         | 0.720503  | 0.000001       | 0.830610  | 0.000003       |
+----------------------+---------------+----------------+-----------+----------------+-----------+----------------+
| :math:`T^t_{H3}`     | 1.21590       | 0.00002        | 0.3719856 | 0.0000003      | 0.5250995 | 0.0000005      |
+----------------------+---------------+----------------+-----------+----------------+-----------+----------------+
| :math:`T^t_{P1}`     | 1.893993      | 0.000006       | 1.893993  | 0.000006       | 1.893993  | 0.000006       |
+----------------------+---------------+----------------+-----------+----------------+-----------+----------------+
| :math:`T^t_{R1}`     | 0.823570      | 0.000001       | 0.6650523 | 0.0000008      | 0.622565  | 0.000001       |
+----------------------+---------------+----------------+-----------+----------------+-----------+----------------+
| :math:`w`            | 1.101         | 0.002          | 1.070     | 0.002          | 0.989     | 0.002          |
+----------------------+---------------+----------------+-----------+----------------+-----------+----------------+
| :math:`w_{hb}`       | 0.56          | NA             | NA        | NA             | NA        | NA             |
+----------------------+---------------+----------------+-----------+----------------+-----------+----------------+